{
  "advancedEditorSelectedIdentifier" : "ProjectBrowser",
  "openSceneRelativePaths" : [
    "Immersive.usda"
  ],
  "recentIdentifiers" : {
    "AF09ED6F-1707-48FD-8720-65B998362C09" : [

    ]
  },
  "sceneCameraHistory" : {
    "AF09ED6F-1707-48FD-8720-65B998362C09" : [
      {
        "date" : 762235460.282423,
        "title" : "Untitled",
        "transform" : [
          0.8812495,
          8.614142e-09,
          -0.47265136,
          0,
          -0.28053826,
          0.80480325,
          -0.52305824,
          0,
          0.38039133,
          0.59354156,
          0.70923257,
          0,
          0.440415,
          1.1988989,
          0.72874236,
          1
        ]
      },
      {
        "date" : 762235456.513578,
        "title" : "Untitled",
        "transform" : [
          0.8812495,
          8.614142e-09,
          -0.47265136,
          0,
          -0.28053826,
          0.80480325,
          -0.52305824,
          0,
          0.38039133,
          0.59354156,
          0.70923257,
          0,
          0.16585445,
          0.7704897,
          0.2168293,
          1
        ]
      },
      {
        "date" : 762234561.037083,
        "title" : "Untitled",
        "transform" : [
          0.8812495,
          8.614142e-09,
          -0.47265136,
          0,
          -0.28053826,
          0.80480325,
          -0.52305824,
          0,
          0.38039133,
          0.59354156,
          0.70923257,
          0,
          0.20726117,
          0.9073734,
          0.080066025,
          1
        ]
      },
      {
        "date" : 762234559.107541,
        "title" : "Untitled",
        "transform" : [
          0.8812495,
          8.614142e-09,
          -0.47265136,
          0,
          -0.28053826,
          0.80480325,
          -0.52305824,
          0,
          0.38039133,
          0.59354156,
          0.70923257,
          0,
          0.16266412,
          0.8326826,
          0.1664927,
          1
        ]
      },
      {
        "date" : 762178574.160141,
        "title" : "Untitled",
        "transform" : [
          0.8812495,
          8.614142e-09,
          -0.47265136,
          0,
          -0.28053826,
          0.80480325,
          -0.52305824,
          0,
          0.38039133,
          0.59354156,
          0.70923257,
          0,
          0.324552,
          0.7298871,
          0.16569325,
          1
        ]
      },
      {
        "date" : 762178334.379724,
        "title" : "Untitled",
        "transform" : [
          0.8812495,
          8.614142e-09,
          -0.47265136,
          0,
          -0.28053826,
          0.80480325,
          -0.52305824,
          0,
          0.3803914,
          0.5935416,
          0.7092326,
          0,
          0.34946087,
          0.9795392,
          0.24214876,
          1
        ]
      },
      {
        "date" : 762178332.449283,
        "title" : "Untitled",
        "transform" : [
          0.87161124,
          8.614142e-09,
          -0.4901977,
          0,
          -0.2909527,
          0.80480325,
          -0.51733756,
          0,
          0.39451274,
          0.5935416,
          0.70147574,
          0,
          0.3221475,
          0.81133455,
          0.18050021,
          1
        ]
      },
      {
        "date" : 762178328.035693,
        "title" : "Untitled",
        "transform" : [
          0.87161124,
          8.614142e-09,
          -0.4901977,
          0,
          -0.2909527,
          0.80480325,
          -0.51733756,
          0,
          0.39451274,
          0.5935416,
          0.70147574,
          0,
          0.3303003,
          0.7764329,
          0.20544638,
          1
        ]
      },
      {
        "date" : 762178322.046548,
        "title" : "Untitled",
        "transform" : [
          0.87161124,
          8.614142e-09,
          -0.4901977,
          0,
          -0.2909527,
          0.80480325,
          -0.51733756,
          0,
          0.39451274,
          0.5935416,
          0.70147574,
          0,
          0.33510152,
          0.78631085,
          0.19438802,
          1
        ]
      },
      {
        "date" : 762178313.904471,
        "title" : "Untitled",
        "transform" : [
          0.87161124,
          8.614142e-09,
          -0.4901977,
          0,
          -0.2909527,
          0.80480325,
          -0.51733756,
          0,
          0.39451274,
          0.5935416,
          0.70147574,
          0,
          0.3504588,
          0.77084965,
          0.19883326,
          1
        ]
      }
    ]
  },
  "sceneViewportBackgroundColors" : {

  },
  "selectedSceneRelativePath" : "Immersive.usda"
}